

"bicycle speed 4.15"
10.1 10.245048804178511
10.2 10.444615837837192
10.3 10.650494119992725
10.4 10.86123381573196
10.5 11.075514660727928
10.6 11.29213885851566
10.7 11.510022806232802
10.8 11.728188265883153
10.9 11.945753429566478
11.0 12.161924189864003
11.1 12.375985819319567
11.2 12.587295182047619
11.3 12.795273541429237
11.4 12.999399986153174
11.5 13.199205468512064
11.6 13.394267430509178
11.7 13.584204982257848
11.8 13.768674591259641
11.9 13.947366238827984
12.0 14.119999999999953
12.1 14.286323004888226
12.2 14.446106741956418
12.3 14.599144666726147
12.4 14.745250082653685
12.5 14.884254264154398
12.6 15.01600479488464
12.7 15.140364097339212
12.8 15.257208132551591
12.9 15.366425251176612
13.0 15.467915179493264
13.1 15.561588125895057
13.2 15.647363995254858
13.3 15.725171700175425
13.4 15.79494855958695
13.5 15.8566397764469
13.6 15.910197987454394
13.7 15.95558287872924
13.8 15.99276086234012
13.9 16.021704809413933
14.0 16.04239383633246
14.1 16.054813141235815
14.2 16.058953888718836
14.3 16.054813141235808
14.4 16.04239383633246
14.5 16.021704809413947
14.6 15.992760862340115
14.7 15.955582878729247
14.8 15.910197987454389
14.9 15.8566397764469
15.0 15.794948559586945
15.1 15.72517170017542
15.2 15.647363995254848
15.3 15.561588125895057
15.4 15.467915179493254
15.5 15.3664252511766
15.6 15.257208132551568
15.7 15.140364097339194
15.8 15.016004794884617
15.9 14.884254264154382
16.0 14.745250082653662
16.1 14.59914466672613
16.2 14.446106741956395
16.3 14.286323004888205
16.4 14.119999999999925
16.5 13.947366238827957
16.6 13.76867459125961
16.7 13.584204982257816
16.8 13.394267430509146
16.9 13.199205468512039
17.0 12.999399986153136
17.1 12.79527354142921
17.2 12.587295182047594
17.3 12.375985819319556
17.4 12.161924189863997
17.5 11.94575342956647
17.6 11.72818826588315
17.7 11.510022806232808
17.8 11.292138858515667
17.9 11.075514660727944
18.0 10.861233815731973
18.1 10.650494119992736
18.2 10.444615837837214
18.3 10.245048804178536
18.4 10.053377541901039
18.5 9.875435433437866
18.6 9.711977141653506
18.7 9.563745343744793
18.8 9.43145799969444
18.9 9.31579438373348
19.0 9.217380321978704
19.1 9.13677322691114
19.2 9.074447641592307
19.3 9.03078208130393
19.4 9.00604796789358
19.5 9.0
19.6 9.0
19.7 9.0
19.8 9.0
19.9 9.0
20.0 9.0
20.1 9.0
20.2 9.0
20.3 8.999999999999998
20.4 8.999999999999998
20.5 8.999999999999998
20.6 8.999999999999998
20.7 8.993769370199011
20.8 8.795781818087924
20.9 8.560720027446086
21.0 8.254343978796896
21.1 7.913768731695627
21.2 7.557630153054994
21.3 7.186189886291958
21.4 6.799740802685371
21.5 6.398605876670219
21.6 5.983136847264288
21.7 5.479637776643204
21.8 4.9597013194634805
21.9 4.42438513539708
22.0 3.874428900085704
22.1 3.2811084808208832
22.2 2.636174574036729
22.3 2.076046933468673
22.4 1.6001009667092811
22.5 1.293137867119502
22.6 1.2021423623502772
22.7 1.4020639139217415
22.8 1.8164355384272688
22.9 2.3338340324369873
23.0 2.899731998665749
23.1 3.473822043884106
23.2 4.04532674866479
23.3 4.623711423762298
23.4 5.206694265096942
23.5 5.798674288127058
23.6 6.4582661208706345
23.7 7.1238138948314
23.8 7.793840844194502
23.9 8.467323478386264
24.0 9.141454944514436
24.1 9.792200462424894
24.2 10.48091290150894
24.3 11.241585339297297
24.4 12.006580516085565
24.5 12.775126090981093
24.6 13.546605945332521
24.7 14.320519692026783
24.8 15.096454063623518
24.9 15.874062361926361
25.0 16.614711173378684
25.1 17.333461612547264
25.2 18.052961063322808
25.3 18.773111996518576
25.4 19.49382932495906
25.5 20.21503822554908
25.6 20.936672405666208
25.7 21.5834693615144
25.8 22.22135685954269
25.9 22.85945641406495
26.0 23.496859739723003
26.1 23.772756556364445
26.2 23.74357001978542
26.3 23.716429180773705
26.4 23.69359473689014
26.5 23.677439252689418
26.6 23.6703991825426
26.7 23.67492003306116
26.8 23.693396886797156
26.9 23.728113108322617
27.0 23.78118045610099
27.1 23.854483954146314
27.2 23.949634692499114
27.3 24.067933224191634
27.4 24.210345455364372
27.5 24.409892667775715
27.6 24.832006736697974
27.7 25.265060719476537
27.8 25.699096860120793
27.9 26.13406622346619
28.0 26.56992297690705
28.1 27.0066241560222
28.2 27.444129450396517
28.3 27.882401007718332
28.4 28.321403254427825
28.5 28.761102731366694
28.6 29.20146794303591
28.7 29.642469219207946
28.8 30.084324906992034
28.9 30.527055904601742
29.0 30.970346196613907
29.1 31.414172106165292
29.2 31.8585112479483
29.3 32.30334244312408
29.4 32.74864564072923
29.5 33.19440184501876
29.6 33.6405930482406
29.7 34.08720216838428
29.8 34.53421299148844
29.9 34.981610118130554
30.0 35.42937891375628
30.1 35.875531028076104
30.2 36.31449325741247
30.3 36.71747187918759
30.4 37.084532969962446
30.5 37.443260074411
30.6 37.801124321903195
30.7 38.16014576754104
30.8 38.52029205496734
30.9 38.8815319271242
31.0 39.24383518465007
31.1 39.60717264587284
31.2 39.97151610834867
31.3 40.336838311895214
31.4 40.703112903068934
31.5 41.07031440103639
31.6 41.43841816478974
31.7 41.80740036165817
31.8 42.17723793706713
31.9 42.547908585498945
32.0 42.919390722609
32.1 43.29166345845322
32.2 43.66470657178373
32.3 44.03850048537045
32.4 44.413026242308376
32.5 44.7882654832711
32.6 45.16420042467232
32.7 45.54081383769916
32.8 45.918089028181164
32.9 46.29600981726148
33.0 46.67456052283696
33.1 47.053725941735685
33.2 47.43349133260138
33.3 47.81384239945551
33.4 48.194765275909056
33.5 48.57624650999672
33.6 48.958273049607946
33.7 49.34083222848972
33.8 49.72391175279725
33.9 50.10749968817013
34.0 50.49158444731131
34.1 50.876154778048715
34.2 51.2611997518588
34.3 51.646708752833106
34.4 52.0326714670693
34.5 52.41907787246898
34.6 52.805918228925506
34.7 53.193183068885496
34.8 53.58086318826869
34.9 53.9689496377312
35.0 54.35743371425812
35.1 54.74630695307187
35.2 55.135561119843196
35.3 55.525188203192656
35.4 55.91518040747042
35.5 56.305530145803296
35.6 56.696230033397846
35.7 57.08727288108938
35.8 57.47865168912683
35.9 57.87035964118387
36.0 58.26239009858729
36.1 58.65473659475389
36.2 59.04739282982747
