

"bicycle speed 4.2"
10.1 10.389230000341742
10.2 10.600000000000042
10.3 10.816653826392015
10.4 11.037757924506275
10.5 11.262011365648727
10.6 11.488237462726875
10.7 11.715374513860036
10.8 11.942466244457277
10.9 12.168652349377131
11.0 12.393159403477453
11.1 12.615292307354656
11.2 12.834426360379412
11.3 13.050000000000074
11.4 13.261508209853135
11.5 13.468496575342101
11.6 13.670555950655489
11.7 13.867317693050893
11.8 14.058449416632063
11.9 14.243651217296856
12.0 14.422652321955296
12.1 14.595208117735165
12.2 14.76109752017115
12.3 14.920120642943973
12.4 15.07209673535845
12.5 15.216862357266796
12.6 15.354269764466272
12.7 15.484185480676828
12.8 15.606489035013713
12.9 15.72107184641058
13.0 15.82783623872837
13.1 15.92669457232113
13.2 16.017568479641454
13.3 16.100388194077926
13.4 16.175091962644398
13.5 16.241625534410147
13.6 16.29994171768732
13.7 16.35000000000011
13.8 16.391766225761145
13.9 16.42521232739485
14.0 16.45031610638543
14.1 16.46706106140388
14.2 16.4754362612953
14.3 16.4754362612953
14.4 16.467061061403893
14.5 16.45031610638544
14.6 16.425212327394863
14.7 16.391766225761156
14.8 16.35000000000013
14.9 16.299941717687343
15.0 16.241625534410165
15.1 16.175091962644427
15.2 16.100388194077937
15.3 16.01756847964149
15.4 15.926694572321166
15.5 15.827836238728416
15.6 15.721071846410613
15.7 15.606489035013748
15.8 15.484185480676874
15.9 15.354269764466318
16.0 15.21686235726683
16.1 15.072096735358507
16.2 14.92012064294403
16.3 14.761097520171196
16.4 14.595208117735227
16.5 14.422652321955356
16.6 14.243651217296932
16.7 14.05844941663213
16.8 13.867317693050957
16.9 13.670555950655558
17.0 13.468496575342181
17.1 13.261508209853208
17.2 13.050000000000152
17.3 12.834426360379487
17.4 12.615292307354752
17.5 12.393159403477537
17.6 12.168652349377213
17.7 11.942466244457359
17.8 11.715374513860127
17.9 11.488237462726962
18.0 11.262011365648817
18.1 11.037757924506362
18.2 10.816653826392102
18.3 10.600000000000128
18.4 10.389230000341826
18.5 10.190603515003534
18.6 10.004843826867175
18.7 9.832680204298422
18.8 9.674838499944164
18.9 9.532030213968147
19.0 9.404940191197468
19.1 9.294213253417487
19.2 9.200440206859726
19.3 9.124143795447374
19.4 9.06576527382
19.5 9.025652330995271
19.6 9.00404908915984
19.7 9.0
19.8 9.0
19.9 9.0
20.0 9.0
20.1 9.0
20.2 9.0
20.3 9.0
20.4 8.999999999999998
20.5 8.999999999999998
20.6 8.999999999999998
20.7 8.994070598544132
20.8 8.805465273587773
20.9 8.5811530331624
21.0 8.288396940413008
21.1 7.96250265709307
21.2 7.621235886117715
21.3 7.264845598406001
21.4 6.893611601885316
21.5 6.507843472969508
21.6 6.107879276755677
21.7 5.623072954753746
21.8 5.12197713100488
21.9 4.560350174014849
22.0 3.885483330510011
22.1 3.192531430537386
22.2 2.5559958601552872
22.3 1.9885355326216279
22.4 1.4320688536341923
22.5 0.9083646066894416
22.6 0.41188649635732477
22.7 0.5208377606419853
22.8 1.0865662480629865
22.9 1.70245986636703
23.0 2.3291889288592533
23.1 2.939826267682246
23.2 3.534449656325542
23.3 4.12967713198729
23.4 4.725291711384048
23.5 5.3281174946319085
23.6 6.007447261080756
23.7 6.688786363017991
23.8 7.371627784436125
23.9 8.055629898397052
24.0 8.738386301213772
24.1 9.39533173172361
24.2 10.09273291279436
24.3 10.866767999367982
24.4 11.643228586432572
24.5 12.42166189122006
24.6 13.201704860933486
24.7 13.983059678739926
24.8 14.765476888698604
24.9 15.548743539006123
25.0 16.29390372762702
25.1 17.01641730502568
25.2 17.739275768959246
25.3 18.462426655370134
25.4 19.185823484256634
25.5 19.909424692032598
25.6 20.63319278858868
25.7 21.281486546869587
25.8 21.920679974313185
25.9 22.559959389061667
26.0 23.19838583942103
26.1 23.465620358551764
26.2 23.420166436225177
26.3 23.37595113822957
26.4 23.335226326655416
26.5 23.30037112770393
26.6 23.27384559474095
26.7 23.25813693525189
26.8 23.2557003569616
26.9 23.26889722766714
27.0 23.299933708546718
27.1 23.350803232106088
27.2 23.42323610006211
27.3 23.518659059692467
27.4 23.638167012672785
27.5 23.816583994341535
27.6 24.228683466776765
27.7 24.65244036746492
27.8 25.07737643202443
27.9 25.503432719133794
28.0 25.930554010842158
28.1 26.3586885345783
28.2 26.787787708590372
28.3 27.21780590866924
28.4 27.64870025421383
28.5 28.08063182310966
28.6 28.513690944431936
28.7 28.94751548368553
28.8 29.38207153683927
28.9 29.81732712078264
29.0 30.25325204294031
29.1 30.68981778104388
29.2 31.1269973721812
29.3 31.564765310326102
29.4 32.00309745162568
29.5 32.44197092678906
29.6 32.8813640599823
29.7 33.321256293688236
29.8 33.759016579390035
29.9 34.1872991273222
30.0 34.57620362858985
30.1 34.929765488038456
30.2 35.27603435761982
30.3 35.62179810172381
30.4 35.96891157652638
30.5 36.31733608072009
30.6 36.66703424058145
30.7 37.01796996054716
30.8 37.3701083755449
30.9 37.72341580504038
31.0 38.0778597087595
31.1 38.433408644042615
31.2 38.79003222478642
31.3 39.147701081927764
31.4 39.50638682542315
31.5 39.86606200767726
31.6 40.22670008837372
31.7 40.58827540066178
31.8 40.950763118652205
31.9 41.314139226177346
32.0 41.678380486769946
32.1 42.04346441481677
32.2 42.40936924784385
32.3 42.77607391989081
32.4 43.1435580359335
32.5 43.51180184731452
32.6 43.88078622814274
32.7 44.250492652624345
32.8 44.6209031732882
32.9 44.99200040007068
33.0 45.36376748022544
33.1 45.73618807902511
33.2 46.109246361223015
33.3 46.48292697324425
33.4 46.85721502607637
33.5 47.232096078831354
33.6 47.60755612295129
33.7 47.983581567031415
33.8 48.36015922223537
33.9 48.73727628827812
34.0 49.11492033995327
34.1 49.49307931418245
34.2 49.871741497565075
34.3 50.250895514408036
34.4 50.63053031521547
34.5 51.010635165619654
34.6 51.39119963573483
34.7 51.77221358991666
34.8 52.15366717691049
34.9 52.53555082037258
35.0 52.9178552097489
35.1 53.300571291496944
35.2 53.683690260636396
35.3 54.06720355261539
35.4 54.45110283547933
35.5 54.835380002330105
35.6 55.2200271640638
35.7 55.60503664237569
35.8 55.99040096302171
35.9 56.37611284932601
36.0 56.76216521592478
36.1 57.14855116273675
36.2 57.535263969151465
