

"distance bus1 bicycle1"
10.1 9.84885780179608
10.2 10.01359575776851
10.3 10.185916748138066
10.4 10.364342719150088
10.5 10.547511554864457
10.6 10.734174397688873
10.7 10.923190925732245
10.8 11.113523293717398
10.9 11.304229297037422
11.0 11.494455185001117
11.1 11.683428435181126
11.2 11.870450707534193
11.3 12.05489112352322
11.4 12.236179959448084
11.5 12.413802801720294
11.6 12.5872951820476
11.7 12.756237689851922
11.8 12.920251545538832
11.9 13.078994609678467
12.0 13.232157798333514
12.1 13.37946187258659
12.2 13.520654569953274
12.3 13.65550804620606
12.4 13.78381659773512
12.5 13.905394636614893
12.6 14.020074892809893
12.7 14.127706820287502
12.8 14.228155186108916
12.9 14.321298823779845
13.0 14.407029534223831
13.1 14.485251119673341
13.2 14.555878537553056
13.3 14.618837163057725
13.4 14.674062150611107
13.5 14.721497885745107
13.6 14.761097520170958
13.7 14.792822583942437
13.8 14.816642669646772
13.9 14.832535184519115
14.0 14.840485167271225
14.1 14.84048516727123
14.2 14.832535184519115
14.3 14.816642669646765
14.4 14.79282258394243
14.5 14.761097520170958
14.6 14.721497885745089
14.7 14.674062150611094
14.8 14.618837163057707
14.9 14.555878537553033
15.0 14.485251119673318
15.1 14.40702953422381
15.2 14.321298823779822
15.3 14.228155186108888
15.4 14.127706820287475
15.5 14.020074892809854
15.6 13.905394636614854
15.7 13.783816597735083
15.8 13.655508046206018
15.9 13.520654569953237
16.0 13.379461872586553
16.1 13.232157798333477
16.2 13.078994609678427
16.3 12.920251545538788
16.4 12.756237689851872
16.5 12.587295182047544
16.6 12.41380280172025
16.7 12.236179959448032
16.8 12.054891123523172
16.9 11.870450707534138
17.0 11.68342843518108
17.1 11.494455185001069
17.2 11.30422929703737
17.3 11.113523293717348
17.4 10.923190925732202
17.5 10.734174397688822
17.6 10.547511554864416
17.7 10.364342719150045
17.8 10.185916748138027
17.9 10.01359575776848
18.0 9.848857801796056
18.1 9.693296652842065
18.2 9.548617701007792
18.3 9.416628908478845
18.4 9.299225774224412
18.5 9.200440206859653
18.6 9.120877150800782
18.7 9.061042986323367
18.8 9.021330278844685
18.9 9.002005332146831
19.0 9.0
19.1 9.0
19.2 9.0
19.3 9.0
19.4 9.0
19.5 9.0
19.6 9.0
19.7 8.999999999999998
19.8 8.999999999999998
19.9 8.999999999999998
20.0 8.999999999999998
20.1 8.999999999999998
20.2 8.999999999999996
20.3 8.999999999999996
20.4 8.999999999999996
20.5 8.999999999999996
20.6 8.999999999999996
20.7 8.992862033910974
20.8 8.766614783449834
20.9 8.499176303641871
21.0 8.15177970154838
21.1 7.766990222658371
21.2 7.366064651124936
21.3 6.949302800100553
21.4 6.517036884164626
21.5 6.069630225387412
21.6 5.609365270827364
21.7 5.0840350501326474
21.8 4.5926177068311755
21.9 4.149285770583445
22.0 3.7725616003849374
22.1 3.4855571729549557
22.2 3.3559603083129037
22.3 3.3736161054410223
22.4 3.4813591327105717
22.5 3.6700506084362705
22.6 3.9008610820476752
22.7 4.174800736140084
22.8 4.491709214555581
22.9 4.868131454731406
23.0 5.297292964717987
23.1 5.758608663520784
23.2 6.238573493904578
23.3 6.738652471436336
23.4 7.254695276624834
23.5 7.786487271001223
23.6 8.365767908210982
23.7 8.961785293776535
23.8 9.571456794014432
23.9 10.19236883709422
24.0 10.820851963961024
24.1 11.435007983831369
24.2 12.081356726443587
24.3 12.786988902719473
24.4 13.503167583452585
24.5 14.228309973925047
24.6 14.961107140909021
24.7 15.700467800018961
24.8 16.445474650803284
24.9 17.195350355629667
25.0 17.912988161160236
25.1 18.61190168535974
25.2 19.313294982812792
25.3 20.01689765543311
25.4 20.722473428020795
25.5 21.429814790066587
25.6 22.138738601271683
25.7 22.77594860565609
25.8 23.405182225224312
25.9 24.035241001345902
26.0 24.66529602366684
26.1 24.96534332987918
26.2 24.98504896416431
26.3 25.008931756026353
26.4 25.03923408978154
26.5 25.07826565347692
26.6 25.128352552300722
26.7 25.191781445302063
26.8 25.27074127323511
26.9 25.367265590887346
27.0 25.48317871651821
27.1 25.620048812204523
27.2 25.779150599904426
27.3 25.96143973311428
27.4 26.167539960637985
27.5 26.42531985680128
27.6 26.873590668608685
27.7 27.330861780455685
27.8 27.788668650185873
27.9 28.246985228273157
28.0 28.70578710071802
28.1 29.165051364710898
28.2 29.62475651528143
28.3 30.084882341837446
28.4 30.54540983361828
28.5 31.006321093193478
28.6 31.467599257231775
28.7 31.92922842384797
28.8 32.39119358590846
28.9 32.85348056974089
29.0 33.31607597875079
29.1 33.77896714149883
29.2 34.242142063837484
29.3 34.7055893847462
29.4 35.1692983355397
29.5 35.633258702156226
29.6 36.097460790260556
29.7 36.56201900963342
29.8 37.02722747184065
29.9 37.492652462695894
30.0 37.95828601731105
30.1 38.4241205533961
30.2 38.89014884875438
30.3 39.35636402033419
30.4 39.82275950471375
30.5 40.28932903990726
30.6 40.756066648389755
30.7 41.22296662124757
30.8 41.69002350336858
30.9 42.15723207959443
31.0 42.62458736176315
31.1 43.08846661809125
31.2 43.541899900702184
31.3 43.96271865840957
31.4 44.35765110486514
31.5 44.74754294930596
31.6 45.137001451137394
31.7 45.527189678256875
31.8 45.91808902818124
31.9 46.309681493182154
32.0 46.701949638103756
32.1 47.09487657909274
32.2 47.488445963202224
32.3 47.88264194883128
32.4 48.27744918696488
32.5 48.672852803179495
32.6 49.068838380381244
32.7 49.465391942245596
32.8 49.8624999373274
32.9 50.26014922381324
33.0 50.65832705488776
33.1 51.057021064687795
33.2 51.45621925481868
33.3 51.8559099814088
33.4 52.256081942678904
33.5 52.65672416700427
33.6 53.057826001448376
33.7 53.45937710074793
33.8 53.861367416729884
33.9 54.26378718814208
34.0 54.666626930879616
34.1 55.06987742859042
34.2 55.473529723643615
34.3 55.87757510844553
34.4 56.28200511708845
34.5 56.68681151731829
34.6 57.09198630280759
34.7 57.49752168572111
34.8 57.90341008956182
34.9 58.30964414228549
35.0 58.716216669672846
35.1 59.123120688948475
35.2 59.53034940263636
35.3 59.93789619264231
35.4 60.345754614554004
35.5 60.75391839214954
35.6 61.16238141210629
35.7 61.57113771890174
35.8 61.98018150989851
35.9 62.38950713060622
36.0 62.79910907011312
36.1 63.20898195668052
36.2 63.619120553493694
