

"distance bus1 bicycle1"
10.1 9.250924278146488
10.2 9.340770846134706
10.3 9.440471386535744
10.4 9.548617701007835
10.5 9.663870860064309
10.6 9.784968063310172
10.7 9.910726512218973
10.8 10.040044820617094
10.9 10.171902476921419
11.0 10.305357829789315
11.1 10.439545009242496
11.2 10.57367012914627
11.3 10.707007051459337
11.4 10.838892932398585
11.5 10.96872371791722
11.6 11.095949711493823
11.7 11.220071301021212
11.8 11.34063490286147
11.9 11.457229158919692
12.0 11.569481405836635
12.1 11.6770544230983
12.2 11.77964345810176
12.3 11.876973520219684
12.4 11.968796932022844
12.5 12.054891123523243
12.6 12.135056654173454
12.7 12.209115447074751
12.8 12.276909220157947
12.9 12.33829809981908
13.0 12.393159403477355
13.1 12.441386578673583
13.2 12.482888287571871
13.3 12.517587627015002
13.4 12.54542147558219
13.5 12.566339960386195
13.6 12.580306037612866
13.7 12.5872951820476
13.8 12.5872951820476
13.9 12.580306037612862
14.0 12.56633996038618
14.1 12.545421475582184
14.2 12.517587627014983
14.3 12.482888287571852
14.4 12.441386578673555
14.5 12.393159403477327
14.6 12.338298099819047
14.7 12.276909220157908
14.8 12.209115447074717
14.9 12.135056654173416
15.0 12.054891123523195
15.1 11.968796932022798
15.2 11.876973520219634
15.3 11.77964345810171
15.4 11.67705442309825
15.5 11.569481405836576
15.6 11.457229158919635
15.7 11.340634902861405
15.8 11.220071301021148
15.9 11.09594971149376
16.0 10.96872371791716
16.1 10.838892932398517
16.2 10.707007051459271
16.3 10.573670129146196
16.4 10.439545009242428
16.5 10.305357829789248
16.6 10.171902476921352
16.7 10.040044820617029
16.8 9.91072651221891
16.9 9.784968063310114
17.0 9.663870860064252
17.1 9.548617701007778
17.2 9.440471386535693
17.3 9.340770846134662
17.4 9.250924278146448
17.5 9.172398813832697
17.6 9.106706320069819
17.7 9.0553851381374
17.8 9.019977827023734
17.9 9.002005332146828
18.0 9.0
18.1 9.0
18.2 9.0
18.3 9.0
18.4 9.0
18.5 9.0
18.6 9.0
18.7 9.0
18.8 9.0
18.9 8.999999999999998
19.0 8.999999999999998
19.1 8.999999999999996
19.2 8.999999999999996
19.3 8.999999999999996
19.4 8.999999999999996
19.5 8.999999999999996
19.6 8.999999999999996
19.7 8.999999999999996
19.8 8.999999999999996
19.9 8.999999999999996
20.0 8.999999999999996
20.1 8.999999999999996
20.2 8.999999999999996
20.3 8.999999999999996
20.4 8.999999999999995
20.5 8.999999999999995
20.6 9.000938839921085
20.7 9.010499802462737
20.8 8.781555796110887
20.9 8.543616708126144
21.0 8.257462676229832
21.1 7.980535513770284
21.2 7.742019562656248
21.3 7.546406124796559
21.4 7.3979277656103255
21.5 7.3002594160329695
21.6 7.256210979308085
21.7 7.205473197049116
21.8 7.221868961732577
21.9 7.3061676537536755
22.0 7.4568324504463845
22.1 7.670587095309002
22.2 7.94826627591485
22.3 8.267748744311577
22.4 8.612056103980532
22.5 8.974045911816479
22.6 9.345783149021067
22.7 9.729859258503275
22.8 10.130119609057044
22.9 10.544759731192142
23.0 10.972184907591076
23.1 11.403368725076273
23.2 11.836245281901201
23.3 12.275960544858153
23.4 12.72181080828579
23.5 13.174043280901289
23.6 13.64384285436177
23.7 14.123716804107367
23.8 14.612707346457581
23.9 15.10996036852064
24.0 15.613422633788906
24.1 16.10728564872738
24.2 16.61828676812665
24.3 17.16989419094559
24.4 17.779169389230276
24.5 18.409283028038985
24.6 19.053488279300094
24.7 19.710190265303392
24.8 20.378172547344487
24.9 21.056331044912888
25.0 21.71213265563758
25.1 22.355977907985675
25.2 23.005723172156003
25.3 23.660875811670923
25.4 24.320990791511356
25.5 24.985665373620044
25.6 25.65453443605386
25.7 26.260556398797913
25.8 26.861042047242442
25.9 27.463879013583508
26.0 28.068390605714008
26.1 28.40874818756694
26.2 28.520656574477623
26.3 28.639744637827686
26.4 28.768099106764204
26.5 28.907803499087485
26.6 29.06088792190683
26.7 29.229277235453374
26.8 29.414740264008437
26.9 29.61884288089676
27.0 29.84290767539836
27.1 30.087982522062905
27.2 30.354819750941694
27.3 30.643866830713144
27.4 30.95526862052803
27.5 31.308147715816876
27.6 31.796168941224586
27.7 32.29021266679715
27.8 32.78436843943948
27.9 33.27863126777725
28.0 33.77299645157774
28.1 34.26745956089714
28.2 34.76201641698876
28.3 35.25666307480199
28.4 35.75139580691996
28.5 36.24621108879986
28.6 36.74110558519516
28.7 37.23607613765064
28.8 37.731119752973264
28.9 38.22623359259109
29.0 38.72141496272193
29.1 39.21666130528081
29.2 39.71197018946237
29.3 40.20733930394082
29.4 40.70276644963505
29.5 41.19824953299212
29.6 41.69378655974618
29.7 42.18937562911417
29.8 42.6850149283932
29.9 43.1807027279275
30.0 43.67643737641587
30.1 44.17221729653318
30.2 44.668040980841646
30.3 45.163906987969824
30.4 45.65981393903908
30.5 46.155760514319134
30.6 46.65174545009577
30.7 47.147767535735106
30.8 47.643825610930335
30.9 48.139918563117654
31.0 48.63604532504977
31.1 49.132204872515416
31.2 49.628396222195185
31.3 50.12461842964396
31.4 50.62087058739157
31.5 51.1171518231535
31.6 51.61346129814429
31.7 52.10979820548714
31.8 52.606335212492695
31.9 53.10325959098402
32.0 53.60020933755603
32.1 54.09718375309681
32.2 54.59418216391668
32.3 55.09120392060441
32.4 55.58824839694467
32.5 56.08531498889287
32.6 56.58240311360361
32.7 57.079512208510096
32.8 57.57664173045064
32.9 58.07379115484015
33.0 58.57095997488358
33.1 59.06814770082892
33.2 59.56535385925758
33.3 60.059534551246344
33.4 60.5472647537126
33.5 61.01247232956304
33.6 61.45624154428665
33.7 61.89454418605869
33.8 62.33237521545261
33.9 62.77052333699291
34.0 63.20898195668058
34.1 63.64774465760724
34.2 64.08680519420491
34.3 64.52615748671208
34.4 64.96579561584673
34.5 65.4057138176778
34.6 65.8459064786868
34.7 66.28636813101144
34.8 66.72709344786395
34.9 67.16807723911685
35.0 67.60931444704914
35.1 68.05080014224643
35.2 68.49252951964883
35.3 68.93449789474039
35.4 69.37670069987449
35.5 69.81913348072979
35.6 70.2617918928913
35.7 70.70467169855159
35.8 71.1477687633278
35.9 71.59107905318905
36.0 72.03459863149071
36.1 72.47832365611087
36.2 72.92225037668518
