

"bicycle speed 4.7"
10.1 12.034953261230363
10.2 12.345140744438648
10.3 12.657408897558742
10.4 12.97056667998739
10.5 13.283557505427488
10.6 13.595444089841234
10.7 13.905394636614915
10.8 14.212670403551858
10.9 14.51661461911829
11.0 14.816642669646816
11.1 15.112233455052182
11.2 15.402921800749322
11.3 15.688291812686261
11.4 15.967971067108007
11.5 16.24162553440997
11.6 16.50895514561713
11.7 16.76968991961385
11.8 17.023586578626674
11.9 17.270425588270776
12.0 17.510008566531255
12.1 17.74215601329212
12.2 17.9667053184494
12.3 18.183509012289072
12.4 18.392433226737502
12.5 18.59335634037056
12.6 18.786167783771056
12.7 18.97076698502191
12.8 19.147062437877974
12.9 19.314970877534282
13.0 19.474416550952103
13.1 19.625330570464214
13.2 19.767650340897802
13.3 19.9013190517613
13.4 20.02628522717073
13.5 20.142502327168714
13.6 20.249928394935047
13.7 20.348525745124554
13.8 20.438260689207297
13.9 20.519103294247444
14.0 20.59102717204745
14.1 20.654009296017968
14.2 20.70802984351714
14.3 20.753072061745375
14.4 20.789122155588878
14.5 20.816169196084
14.6 20.834205048429283
14.7 20.843224318708373
14.8 20.843224318708373
14.9 20.83420504842929
15.0 20.816169196083987
15.1 20.789122155588863
15.2 20.753072061745367
15.3 20.708029843517135
15.4 20.654009296017957
15.5 20.59102717204744
15.6 20.519103294247437
15.7 20.438260689207294
15.8 20.348525745124544
15.9 20.24992839493504
16.0 20.142502327168696
16.1 20.026285227170728
16.2 19.90131905176128
16.3 19.767650340897784
16.4 19.62533057046419
16.5 19.47441655095208
16.6 19.31497087753425
16.7 19.147062437877942
16.8 18.970766985021882
16.9 18.786167783771024
17.0 18.593356340370516
17.1 18.39243322673747
17.2 18.183509012289033
17.3 17.966705318449364
17.4 17.7421560132921
17.5 17.51000856653122
17.6 17.27042558827074
17.7 17.023586578626634
17.8 16.769689919613807
17.9 16.50895514561709
18.0 16.24162553440994
18.1 15.967971067107966
18.2 15.688291812686215
18.3 15.402921800749276
18.4 15.112233455052156
18.5 14.824587683979528
18.6 14.540165060961227
18.7 14.259158460442107
18.8 13.98177385026656
18.9 13.708231103975374
19.0 13.438764824194148
19.1 13.173625165458368
19.2 12.91307864143939
19.3 12.657408897558703
19.4 12.406917425371956
19.5 12.161924189863969
19.6 11.922768134959199
19.7 11.689807526216953
19.8 11.463420083029261
19.9 11.244002845961873
20.0 11.031634204587354
20.1 10.715333994563464
20.2 10.365070144906813
20.3 10.022753852620415
20.4 9.688018468699239
20.5 9.360067448649403
20.6 9.039639216829574
20.7 8.72407178348448
20.8 8.30186207205804
20.9 7.8692574196965515
21.0 7.410694323993804
21.1 6.948121534482029
21.2 6.4930578338700595
21.3 6.047198681358115
21.4 5.612738051205205
21.5 5.1925378816975245
21.6 4.781452613830948
21.7 4.318475044092945
21.8 3.8418188129181026
21.9 3.3523201119544406
22.0 2.8506510705239174
22.1 2.3375109730058337
22.2 1.8267507392863653
22.3 1.3257582804848371
22.4 0.8246785232716801
22.5 0.32961541109302844
22.6 0.18473553962328154
22.7 0.7168219696681403
22.8 1.2513473995361362
22.9 1.7882520099900765
23.0 2.327475470223785
23.1 2.8610671769341827
23.2 3.3891071848631844
23.3 3.918084926857205
23.4 4.447990191221742
23.5 4.98502678441053
23.6 5.590685746682855
23.7 6.198198247593523
23.8 6.807454844052819
23.9 7.418345418728022
24.0 8.029751717549019
24.1 8.630103261513383
24.2 9.264768027470625
24.3 9.961670282254184
24.4 10.658195105668858
24.5 11.354021568868033
24.6 12.048829398899787
24.7 12.74229971451883
24.8 13.43411575746753
24.9 14.123963615316605
25.0 14.79732119358051
25.1 15.461042705015375
25.2 16.12378507617904
25.3 16.785448553169008
25.4 17.445933979186623
25.5 18.105142868551642
25.6 18.76297747969821
25.7 19.3977801003078
25.8 20.02987876648537
25.9 20.661977432662944
26.0 21.293991875291805
26.1 21.69712680082885
26.2 21.86345352685136
26.3 21.981332000740437
26.4 22.048810712277717
26.5 22.064355893720617
26.6 22.026902762411954
26.7 21.935894574370977
26.8 21.791306999688945
26.9 21.604012157948013
27.0 21.419586268836923
27.1 21.243689767583422
27.2 21.06679403910512
27.3 20.838025775144636
27.4 20.56707931055229
27.5 20.352002625435034
27.6 20.465896022407648
27.7 20.600196601003624
27.8 20.73987704881592
27.9 20.884829422334324
28.0 21.03494473489297
28.1 21.190113260669502
28.2 21.350224823172272
28.3 21.51516906742779
28.4 21.684835715310403
28.5 21.859114803669467
28.6 22.037896905104212
28.7 22.221073331412274
28.8 22.40853631989385
28.9 22.600179202829384
29.0 22.7958965605655
29.1 22.995584358741613
29.2 23.199140070269884
29.3 23.406462782744466
29.4 23.61745329200424
29.5 23.832014182607438
29.6 24.05004989599818
29.7 24.271466787155695
29.8 24.49617317051792
29.9 24.724079355963934
30.0 24.955097675625353
30.1 25.189142502276688
30.2 25.42613026002978
30.3 25.665979428028884
30.4 25.90861053781159
30.5 26.153946164967184
30.6 26.401910915689452
30.7 26.652431408785233
30.8 26.905436253664455
30.9 27.160856024801593
31.0 27.41862323312389
31.1 27.678672294747106
31.2 27.940939497447125
31.3 28.205362965223493
31.4 28.47188262128096
31.5 28.740440149726336
31.6 29.010978956250355
31.7 29.283444128039324
31.8 29.557782393136343
31.9 29.83394207945039
32.0 30.111873073590118
32.1 30.391526779679904
32.2 30.6728560782983
32.3 30.955815285661608
32.4 31.24036011316132
32.5 31.52644762734935
32.6 31.81403621045278
32.7 32.10308552148844
32.8 32.393556458036535
32.9 32.68541111872391
33.0 32.97861276645821
33.1 33.27312579244698
33.2 33.56891568102849
33.3 33.8659489753351
33.4 34.164193243804256
33.5 34.46361704754741
33.6 34.76418990858266
33.7 35.065882278933195
33.8 35.368665510590034
33.9 35.67251182633488
34.0 35.97739429141585
34.1 36.28328678606725
34.2 36.59016397886189
34.3 36.898001300883514
34.4 37.20677492070499
34.5 37.51646172015695
34.6 37.8270392708708
34.7 38.13848581157885
34.8 38.45078022615408
34.9 38.7639020223713
35.0 39.07783131137143
35.1 39.39254878781013
35.2 39.708035710671986
35.3 40.02427388473152
35.4 40.341245642642235
35.5 40.658933827634996
35.6 40.977321776807244
35.7 41.296393304984896
35.8 41.61613268913873
35.9 41.936524653337706
36.0 42.257554354221696
36.1 42.57920736697668
36.2 42.90146967179564
