

"bus max speed 8.3"
10.1 12.034953261230363
10.2 12.345140744438648
10.3 12.657408897558742
10.4 12.97056667998739
10.5 13.283557505427488
10.6 13.595444089841234
10.7 13.905394636614915
10.8 14.212670403551858
10.9 14.51661461911829
11.0 14.816642669646816
11.1 15.112233455052182
11.2 15.402921800749322
11.3 15.688291812686261
11.4 15.967971067108007
11.5 16.24162553440997
11.6 16.50895514561713
11.7 16.76968991961385
11.8 17.023586578626674
11.9 17.270425588270776
12.0 17.510008566531255
12.1 17.74215601329212
12.2 17.9667053184494
12.3 18.183509012289072
12.4 18.392433226737502
12.5 18.59335634037056
12.6 18.786167783771056
12.7 18.97076698502191
12.8 19.147062437877974
12.9 19.314970877534282
13.0 19.474416550952103
13.1 19.625330570464214
13.2 19.767650340897802
13.3 19.9013190517613
13.4 20.02628522717073
13.5 20.142502327168714
13.6 20.249928394935047
13.7 20.348525745124554
13.8 20.438260689207297
13.9 20.519103294247444
14.0 20.59102717204745
14.1 20.654009296017968
14.2 20.70802984351714
14.3 20.753072061745375
14.4 20.789122155588878
14.5 20.816169196084
14.6 20.834205048429283
14.7 20.843224318708373
14.8 20.843224318708373
14.9 20.83420504842929
15.0 20.816169196083987
15.1 20.789122155588863
15.2 20.753072061745367
15.3 20.708029843517135
15.4 20.654009296017957
15.5 20.59102717204744
15.6 20.519103294247437
15.7 20.438260689207294
15.8 20.348525745124544
15.9 20.24992839493504
16.0 20.142502327168696
16.1 20.026285227170728
16.2 19.90131905176128
16.3 19.767650340897784
16.4 19.62533057046419
16.5 19.47441655095208
16.6 19.31497087753425
16.7 19.147062437877942
16.8 18.970766985021882
16.9 18.786167783771024
17.0 18.593356340370516
17.1 18.39243322673747
17.2 18.183509012289033
17.3 17.966705318449364
17.4 17.7421560132921
17.5 17.51000856653122
17.6 17.27042558827074
17.7 17.023586578626634
17.8 16.769689919613807
17.9 16.50895514561709
18.0 16.24162553440994
18.1 15.967971067107966
18.2 15.688291812686215
18.3 15.402921800749276
18.4 15.112233455052156
18.5 14.824587683979528
18.6 14.540165060961227
18.7 14.259158460442107
18.8 13.98177385026656
18.9 13.708231103975374
19.0 13.438764824194148
19.1 13.173625165458368
19.2 12.91307864143939
19.3 12.657408897558703
19.4 12.406917425371956
19.5 12.161924189863969
19.6 11.945753429566441
19.7 11.757092540249841
19.8 11.594658252833435
19.9 11.457229158919644
20.0 11.343386609237948
20.1 11.14384860221554
20.2 10.927428330565663
20.3 10.734463541968235
20.4 10.564047373158212
20.5 10.415184052990066
20.6 10.288424823137762
20.7 10.18456765380624
20.8 10.104654851106247
20.9 10.049961262511037
21.0 10.021972130795808
21.1 10.022350205363052
21.2 10.052892522303228
21.3 10.115478268974496
21.4 10.212010243620755
21.5 10.344353427047515
21.6 10.514274885848645
21.7 10.72338942741044
21.8 10.973115012398729
21.9 11.25618223712151
22.0 11.551443854788763
22.1 11.857988986353131
22.2 12.174965361991587
22.3 12.501579557240177
22.4 12.837095948126423
22.5 13.180834739571312
22.6 13.532169359620939
22.7 13.881122809549934
22.8 14.226958652719794
22.9 14.569029246312684
23.0 14.906763965402815
23.1 15.23965905696151
23.2 15.567353396272908
23.3 15.88948129324981
23.4 16.205607945486317
23.5 16.51542127546766
23.6 16.81771498902354
23.7 17.11298846933781
23.8 17.400743114413807
23.9 17.681623408111996
24.0 17.955524294682114
24.1 18.22181924712437
24.2 18.480682762370336
24.3 18.732205612641028
24.4 18.976307227791853
24.5 19.212918264475476
24.6 19.441979635629536
24.7 19.66344166758563
24.8 19.878999479985637
24.9 20.088250193259913
25.0 20.290244675967852
25.1 20.484978319583817
25.2 20.672453544804274
25.3 20.852679481757658
25.4 21.025671702365752
25.5 21.191451999606045
25.6 21.350048209171042
25.7 21.501494069662122
25.8 21.645829118007175
25.9 21.783098617267168
26.0 21.912751232812067
26.1 22.035360090785602
26.2 22.151076029125523
26.3 22.259967322013537
26.4 22.36210803075137
26.5 22.457578087207736
26.6 22.55056075568447
26.7 22.64185399365302
26.8 22.72741765571135
26.9 22.807375300638164
27.0 22.881857681261256
27.1 22.951889733437376
27.2 23.020031245097684
27.3 23.082618381244167
27.4 23.13162079503634
27.5 23.168554586978562
27.6 23.19653994590892
27.7 23.21691464989051
27.8 23.229777263488764
27.9 23.23523168617195
28.0 23.23338747104091
28.1 23.224360164929283
28.2 23.210417097606843
28.3 23.19944883758262
28.4 23.18218786033464
28.5 23.15879648395191
28.6 23.129445683864006
28.7 23.094315583890367
28.8 23.05359597270822
28.9 23.007486846146637
29.0 22.956198975518753
29.1 22.899954501959837
29.2 22.83898755643852
29.3 22.773544904743336
29.4 22.703886616307436
29.5 22.654667399536223
29.6 22.61613802504415
29.7 22.57583550185055
29.8 22.534121887856603
29.9 22.491374940254506
30.0 22.447988465746484
30.1 22.4043726192657
30.2 22.36095414076622
30.3 22.382600183851526
30.4 22.410349569513254
30.5 22.442103744148692
30.6 22.47835432423758
30.7 22.519600576022853
30.8 22.56634830319045
30.9 22.619108612857953
31.0 22.68192910188862
31.1 22.754726449013138
31.2 22.837405246638973
31.3 22.929858605592997
31.4 23.031968817042987
31.5 23.143608062475316
31.6 23.264639162324944
31.7 23.394916353780218
31.8 23.534286088408162
31.9 23.682587840546265
32.0 23.83965491786357
32.1 23.985712661354714
32.2 23.81400008398413
32.3 23.599733049337576
32.4 23.38904444392708
32.5 23.182031835022496
32.6 22.978794572387745
32.7 22.779433706745138
32.8 22.584051895087306
32.9 22.392753292080826
33.0 22.205643426840773
33.1 22.022829064404892
33.2 21.844418051300813
33.3 21.670519144681258
33.4 21.5012418246016
33.5 21.33669608913238
33.6 21.17699223213715
33.7 21.022240603703434
33.8 20.872551353392268
33.9 20.728034156668052
34.0 20.58879792508532
34.1 20.454950501040024
34.2 20.326598338138076
34.3 20.203846168489747
34.4 20.086796658501772
34.5 19.975550055004696
34.6 19.870203823816155
34.7 19.7708522830959
34.8 19.677586234088732
34.9 19.59049259207125
35.0 19.509654020509917
35.1 19.43514857159571
35.2 19.36704933643736
35.3 19.305424108265505
35.4 19.250335062019026
35.5 19.201838453648108
35.6 19.15998434237354
35.7 19.124816338987397
35.8 19.096371383066458
35.9 19.074679551698885
36.0 19.05976390200046
36.1 19.05164034932425
36.2 19.049999999999997
36.3 19.049999999999997
36.4 19.049999999999997
36.5 19.049999999999997
36.6 19.049999999999997
36.7 19.049999999999997
36.8 19.049999999999997
36.9 19.049999999999997
37.0 19.049999999999997
37.1 19.05
37.2 19.05
37.3 19.05
37.4 19.05
37.5 19.05
37.6 19.05
37.7 19.05
37.8 19.05
37.9 19.05
38.0 19.05
38.1 19.05
38.2 19.05
38.3 19.05
38.4 19.05
38.5 19.05
38.6 19.05
38.7 19.050000000000004
38.8 19.050000000000004
38.9 19.050000000000004
39.0 19.050000000000004
39.1 19.050000000000004
39.2 19.050000000000004
39.3 19.050000000000004
39.4 19.050000000000004
39.5 19.050000000000004
39.6 19.053214951813256
39.7 19.063226379603226
39.8 19.08002620543275
39.9 19.103596520027335
40.0 19.133912302506264
40.1 19.17094155225561
40.2 19.214645456005705
40.3 19.264978588101282
40.4 19.321889141592777
40.5 19.38531918746764
40.6 19.455204959084885
40.7 19.531477158679042
40.8 19.61406128266151
40.9 19.70287796236888
41.0 19.79784331688685
41.1 19.898869314611858
