0.0 26
0.1 0
0.2 0
0.30000000000000004 0
0.4 1
0.5 1
0.6000000000000001 0
0.7000000000000001 0
0.8 1
0.9 0
1.0 2
1.1 0
1.2000000000000002 1
1.3 0
1.4000000000000001 0
1.5 0
1.6 0
1.7000000000000002 0
1.8 0
1.9000000000000001 0
2.0 2
2.1 0
2.2 1
2.3000000000000003 0
2.4000000000000004 0
2.5 0
2.6 0
2.7 0
2.8000000000000003 0
2.9000000000000004 0
3.0 0
3.1 0
3.2 0
3.3000000000000003 0
3.4000000000000004 1
3.5 0
3.6 1
3.7 0
3.8000000000000003 0
3.9000000000000004 1
4.0 0
4.1000000000000005 2
4.2 0
4.3 1
4.4 0
4.5 0
4.6000000000000005 0
4.7 1
4.800000000000001 0
4.9 0
5.0 0
5.1000000000000005 0
5.2 0
5.300000000000001 0
5.4 0
5.5 1
5.6000000000000005 1
5.7 2
5.800000000000001 1
5.9 0
6.0 0
6.1000000000000005 0
6.2 0
6.300000000000001 1
6.4 0
6.5 2
